II
AUTORI DEI TESTI POETICI

Abb'ati "Antonio, 2186. Ariosto Ludovico. 25, 29, 39, 40, 44, 47, 48,
Accademico Affcnuoso. 1185, 73, 79, 93, 94, 98, 99, 114, 117, 118, 122,
Accademico Ardito Felice, 2558. 129, 135, 144-146, 166, 168, 173, 188, 196,
Accadcmico Inccrto. 267. 198-202, 207, 251, 303, 308, 325, 326, 328,
Achillini Claudio. 1776, 1779, 1898, 1936. 332, 343, 352, 359, 364, 365, 374, 384, 388,

2230, 2784. 416, 416 bis, 422, 469, 471, 490, 505, 506,
Adimari Alessandro. 1777. 508-510, 527, 556, 565, 567, 577, 578, 586,
Agostino da Padova, abate. 215, 217. 590, 605, 628, 705, 708, 723, 730, 743, 754,
Agnelli Scipione. 1932. 759, 781, 819, 820, 851, 857, 858, 860, 861.
Alamanni Luigi. 929, 1486, 1487, 1613, 1680. 330, 397, 903, 92,4, 923, 973, 974, 930, 931ſſ
Albana- 24- 983, 997, 1010, 1024, 1028, 1055, 1123-
Alberti Filippo. 72. 891, 1153. 1347. 1903- 1125, 1128, 1136, 1138, 1143, 1150, 1151.

2051" 2114. 2122- 2299- 2651- 1181, 1183, 1253, 1263, 1298-1300, 1311,
Aldobrandini Giovan Giorgio. 1776, 1779. 13194324, 1340, 1342, 1345, 1347, 1369,
"f..." "" G°ſſizſi=- 2272- 1380, 1386, 1387, 1405, 1406, 1420, 1434.
Allghicri Dante. 204, 652, 1526, 1639, 18,36, 1435, ..., 1469, "BL 1484, 1510, 15,8,

1345- 1977. "33' 25"- 2649" 2922. 1520, 1521, 1554, 1608, 1616, 1622, 1734,

Aligicri Alessandro. 2589.

1736, 1739-1741, 1744, 1758, 1783, 1784,
Allegretti Antonio. 359, 1900.

1792-1794, 1804, 1831, 1833, 1834, 1841,

Amalteo Gerolamo. 135, 141, 150, 207, 303, 1970, 1978, 1987 zoœ 2036, 2037, 2084,
347. 581" 617- 748. 764. 731- 995- 1293- 2105, 2188, 2189 2191, 2223, 2235-2239,
1304, 1333, 1368, 1559, 1743, 1746, 1978, 2245, 2250, 2252," 2253, 2264, 2296, 2311,
2039. 2240. 250. BSS, 2467. 2747- 2313, 2331, 2336, 2338, 2339, 2341 bis,

Amanio N- 731. 2090. 2096- 2344, 2354, 2388, 2408, 2409, 2414, 2417-

Andrea Alessandro. 491. 2419, 2423, 2426, 2428, 2434, 2435, 2438,

Andreini Isabella. 35, 322, 436, 1013, 1801, 2473, 2475, 24302432, 2490, 2491, 2498,
2363, 2364, 2471. 2526, 2534, 2536, 2553, 2583, 2588, 2602.

Angelico Michelangelo. 238, 242, 244, 245, 2604, 2606, 2,611. 2613, 2624, 2636, 2648,
372, 987, 2247, 2541. 2656 bis, 2657, 2662, 2663, 2672, 2680,

Anselmi. 657, 2202, 2683, 2695, 2721, 2743, 2763 bis, 2768,

Apari Gregorio. 1311. 2780, 2790, 2841, 2842, 2847, 2884-2886,

Arctino Paolo. 857. 2890-2892, 2899, 2901, 2916, 2947, 2956,

_I,-

