Boiardo Matteo. 1736, 1783, 2249, 2695. Casonc Guido. 11, 12, 34, 237, 388, 460,

Bonaccorsi B. 1486, 2868, 2871-2873. 475, 492, 526, 551, 581, 674, 682, 773,
Bonacossa Borso. 2741. 822, 829, 869, 891, 986, 1218, 1220, 1227,
Bonardo. 835, 1344, 1501, 1569 bis, 1656, 1670, 1715,
Bonasonc. 2846. 1760, 1762, 1886, 1903, 1960, 2035, 2061,
Bondumicro Olivicro. 889. 2082, 2360, 2460, 2541, 2566, 2630, 2728,
Bonello Raffaele. 2276. 2750, 2846, 2898, 2926, 2930.
Bonfadio Iacopo. 762. Cassola Luigi. 13, 27, 29, 30, 44, 88, 98, 99,
Botticelli Aurelio. 938. 117, 128, 135, 150, 151, 152, 156, 158,
Bouchet ]can. 1465. 159, 160, 161, 163, 164, 168, 188, 207,
Bozza Francesco. 925. 250, 329, 332, 359, 367, 414, 422, 469,
Brà Pietro. Francesco. 1770. 471, 508, 509, 510, 552, 555, 561, 581,
Braccini Giovan Paolo, 406. 590, 621, 642, 781, 851, 857, 862, 866,
Bracciolini Francesco. 1779. 894, 973, 974, 980, 984, 1032, 1034, 1035,
Britonio Girolamo. 741, 768. 1037, 1039, 1117, 1150, 1153, 1223, 1227,
Brunacci. 2693. 1319, 1320, 1321, 1322, 1323, 1325, 1340,
Bulgarini Farnccsco. 528, 532. 1351, 1352, 1353, 1380, 1391, 1392, 1517,
Buonaccorsi, Cfr.: Bonaccorsi. 1518, 1521, 1546, 1553, 1608, 1727, 1736,
Buonarroti Michelangelo. 98, 99, 114, 117, 1738, 1740, 1741, 1746, 1762, 1793, 1811,
118, m, 129, 144, 146, 971, 1146, 1147, 1833, 1834, 1835, 1842, 1843, 1844, 1985,
2763 bis. 2032, 2036 2061, 2066, 2068, 2111, 2177,
Busencllo Giovan Francesco. 936. 2173, 2231, 2137, 2,331, 1344, 2404. 2414,
Buti. 2951. 2434, 2438, 2457, 2459, 2473, 2475, 2480,

2482, 2485, 2488, 2553 bis, 2575, 2600,
2602, 2603, 2624, 2648, 2694, 2695, 2720,
2752, 2844, 2845, 2846, 2847, 2871, 2872,
Gaggia Paola 1311- 2334, 2335, 2336, 2339, 2900, 2910, 3000,
Caligaris Ludovico. 2308. 3004, 3027.
Ca'"... Andfîſi- 23; - _ Castaldi Bellcrofontc. 503, 1354 1397.
Camerella Giovanni Battista. 1569 bis. . '
Campeggi Rodolfo. 372 1198 25 57. Castellano Giacomo. 244, 696, 834.
. ' ' Castelletti. 412, 904, 2073, 2590.

Capello Pietro. 242, 2554. C "_ o , 137 1 8
Capilupi Ippolito. 2528. aste 1 ttav1ano. 9, 4 3.

Capilupi Lelio. 359, 2090, 2096, 2354, 2899. C......" AM"- 504-

2962. Castiglioni Carlo. 537, 2763 bis.
Caporali Cesare. 368, 330, 919, 926, 1034, CMQ 1331-

1554, 1747, 1816, 2237, 2419. Cattaneo. 689, 842, 906, 1196, 1197, 1267,
Cappon, Agnolo, 2315. 1306, 1639, 1349, 1363, 2260, 25511515,
Caputi Manilio. 237. 490, 491, 1881. 2558, 2937.

Caracciolo Giuseppe Albertino. 653. Cattaneo 0111210. 1372.

Caracciolo Paolo. 2574, 2664, 2980. Cavalletto Ercole. 215, 539, 1194. 133],
Carafa Ccsarc. 2271, 2272. 1354, 2169, 2209, 2865.

Carducci Francesco. 1779. Gcbà Ansaldo, 36.3, 446, 448, 450, 452, 457,
Caro Annibale. 87, 491, 513, 569, 636, 766, 499, 519, 541, 584, 603, 622, 647, 729, 780.

767, 873, 968, 1629, 1816, 1817, 1843. 801, 812, 904, 1188, 1190, 1577, 1581.

2434, 2459, 2843. 1732, 1751, 1799, 1801, 1873, 1879, 1950,
Carrara Michele. 534. 2057, 2053, 2211, 2213, 2293, 2300, 2306,
Casali Gregorio. 2186, 2741. 2.309, 2347, 2365, 2541, 2554, 2618.

.
