Guarini Giovanni Battista. 13, 17, 26, 32, 2169, 2177, 2181, 2182, 2192, 2194, 2209,

36, 46, 60, 69, 70, 72, 73, 78, 79, 82, 91, 2211, 2213, 2220, 2225, 2226, 2230, 2246,
92, 169, 170, 172, 202, 211, 212, 214-216, 2257, 2258, 2260, 2280, 2281, 2283, 2284,
235, 237, 239, 240, 242, 248, 249, 253-255, 2290, 2293-2295, 2298, 2300, 2303, 2305,
262, 286, 292, 294, 298, 310, 311, 314, 2306, 2309, 316, 2319, 2320, 2341, 2345,
322-324, 327, 334, 335, 338, 354, 357, 361, 2346, 2348, 2352, 2353, 2355-2365, 2367,
363, 367, 368, 370, 371, 378, 385, 388, 2444, 2445, 2450, 2453, 2454, 2456, 2459393,
397, 399, 401, 412, 413, 422, 427, 2461, 2468, 2470, 2471, 2488, 2496, 2505,
430, 436, 438, 450, 451, 453, 454, 457, 2506, 2531, 25.37,2538, 2541,2546,2553bis,
460, 462, 463, 466, 479-481, 483-485, 495, 2554-2557, 2559, 2561-2564, 2570, 2573,
498, 499, 509-512, 519, 546-548, 551, 560, 2582, 2589, 2590, 2592, 2618, 2623, 2647,
563-565, 567-572, 574, 581, 583, 584, 595- 2649, 2650, 2651, 2670, 2683, 2688, 2698,
598, 600, 603, 604, 624, 633, 639, 642, 2706, 2708, 2710, 2725, 2727, 2728, 2736.
644-647, 650, 654-657, 668-670, 682-685, 2742, 2743, 2748, 2750, 2751, 2752, 2759,
687-690, 694-696. 702, 703, 709, 725, 728, 2764, 2765, 2769, 2770, 2772, 2773, 2776,
729, 731, 734, 736, 759, 772, 773, 775-778, 2777, 2779, 2780, 2783, 2785, 2815, 2826,
797, 799, 800, 806, 807, 809-811, 813-815, 2827, 2830, 2840, 2843, 2846, 2849, 2893.
817, 822, 823, 826-834, 838, 843, 864, 2897, 2902, 2903, 2923, 2929, 2930, 2931.
877, 887, 891, 892, 894, 904-906, 909, 2933, 2934, 2935, 2941, 2943, 2944, 2945,
912-914, 926, 935, 938, 968, 985-987, 992, 2946, 2953, 2988, 2992, 3002, 3004, 3011,
994, 1002, 1008, 1012, 1014, 1015, 1018, 3012, 3026.

1019, 1023, 1025, 1046, 1049, 1072 bis, Gustnvillani Angelo Maria. 2741.

1113, 1114, 1119-1123, 1124, 125, 1128, Guazzi Stefano. 2893.

1136, 1138, 1143, 1153, 1187-1190, 1192- Guc'roult. 505, 506, 1389, 1399, 1464, 1465.
1194, 1197, 1210, 1211, 1223, 1227, 1260, 1473, 1479, 1481, 1495.

1264, 1266, 1271, 1277, 1282, 1283, 1289- Guicciardi Luigi. 1665, 1670, 2647.

1291, 1299-1301, 1306, 1307, 1309, 1312, Guidi Benedetto. 1676, 1680, 2272, 2275.
1317, 1329, 1331-1333, 1336, 1339, 1346- Guidiccioni Giovanni. 98, 99, 114, 117, 118,
1349, 1354, 1357, 1361, 1365, 1366, 1368, 122, 125, 128, 129, 132, 135, 141, 142,
1369, 1375, 1479, 1481, 1484, 1503 1505, 144, 146, 207, 501. 614, 762. 737, 791,
1508, 1511, 1512, 1524, 1526-1528, 1531, 857, 1311, 1328, 1376, 1434, 1435, 1448,
1544, 1550, 1553, 1556, 1558, 1571, 1577, 1522, 1978, 2105, 2343, 2419, 2359, 2657,
1580, 1581, 1583, 1585, 1597, 1613, 1622, 2826, 2830, 2862, 2899, 2972, 2974.

1629, 1633, 1637, 1639, 1656, 1660, 1665, Guidiccioni Lucchesini Laura. 1555.

1670, 1672, 1713, 1716, 1717, 1720, 1721,
1723, 1733, 1743, 1744, 1751, 1755, 1757,

1760, 1762, 1763, 1777, 1783, 1787, 1791, Lambertini Giovan Tommaso. 630, 1374,
1796, 1830, 1836, 1837, 1840, 1848, 1859, 1744, 1872, 1976, 2846.

1868, 1868 bis, 1873, 1880, 1885, 1887, Lanzini Girolamo. 263, 265.

1888, 1890, 1891, 1893, 1896, 1898, 1900, Lauro Cosimo. 2846.

1903, 1906, 1914, 1922, 1936, 1941, 1944, Lazari D. 2056,

1946, 1947, 1976, 1979, 1980, 1986, 1987, Leoni Giovanni Battista. 240, 242, 244, 245,
1992, 1995, 2010, 2012, 2014-1017, 2020, 337, 344, 457, 482, 834, 987, 1121, 1329,
2023, 2027, 2032, 2036, 2041, 2043, 2051, 1751, 2060, 2074, 2157, 2194, 2284, 2352.
2056-2058, 2060, 2068, 2079-2081, 2087, 2903.

2088, 2105, 2114, 2118, 2122, 21B, 2126, Leonida Fabio. 1378, 1379.

2130, 2131, 2134, 2139, 2140, 2143, 2144, chidì Rottilio. 2692.

2146, 2148, 2152, 2153, 2157, 2161, 2164, Lionardi. 768.

]8-

