Litcgato A. 567, 843, 1189, 2773. 1777, 1779, 1790, 1799, 1801, 1825, 1837,

Loli Francesco. 533. 1848, 1868 bis, 1875, 1879, 1880, 1882,
de Loschi Lucio Agosto. 2846. 1884, 1887, 1896, 1932, 1936, 1941, 1946,
Lotti. 2566. 2010, 2012, 2014-2016, 2022, 2023, 2027,
Lualdi Michelangelo. 2513. 2058, 2059, 2074, 2078, 2079, 2081, 2087,
Ludovisio Carlo. 1483. 2140, 2143-2145, 2148, 2153, 2157, 2161,
Lupo Matteo. 542. 2167, 2192, 2194, 2196, 2197, 2203, 2216,

2247, 2260, 2279, 2281-2284, 2288, 2290,

2306, 2308, 2309, BIG, 2320, 2355-2357,

Macedonio. 42, 1051, 1271. 2359, 2363, 2364, 2370, 2443, 2445, 2453,
Machiavelli Nicolò. 207, 1123, 1124, 1125, 2456, 2461 2470, 2499, 2502, 2512, 2522,

1128, 1132, 1136, 1138, 1143, 1352, 1486, 2537, 2543, 2550, 2553-2559, 2570, 2576,

1877, 2253, 2.388, 2482, 2600, 2602, 2604, 2589, 2592, 2610, 2615, 2619, 2634, 2693 bis,

2866, 2867, 2868, 2871, 2872, 2873. 2708, 2710, 2725, 2736, 2764, 2765. 2769,
de Magny Olivier. 1399. 2770, 2772, 2776, 2777, 2783-2785, 2833,
Malisardi Gregorio. 2741. 2903, 2933, 2941, 2943, 2944, 2946, 2950,
Malombra P. 585, 1115. 2955, 3028.
Mamiani Giovanni Battista. 242. Maroc Clément. 505, 1389, 1392, 1393, 1398,
Mancini Iacopo, 2893. 1399, 1449, 1464, 1465, 1473, 1479, 1495.
Manfredi Muzio. 421, 1109, 1511, 2499. Marsi Antonio. 1449.
Mannelli Francesco. 1568. Martelli Giacomo. 395, 1151, 1357, 1559,
Manni Agostino. 75. 1741, 2108, 2110. 2136, 2602, 2603, 268,
Manoli Blcsi. Cfr.: Molino Antonio. 2866, 2867, 2871-2873, 2882, 2890-2892,
Manrique Giovanni. 791. 3027.
Marcellini V. 1616, 2299. Martelli Ludovico. 1123-1128, 1130, 1132-
Marchesi, abate. 395. 1136 1139-1141, 1486, 1487, 2884, 2885.
Marcheselli Filippo. 2186, Martelli Nicolò. 1486.
Marescotti Vincenzo. 534. Marielli Ugolino. 627.
Marini Mario. 2732, 3026. Martinengo. 92, 520, 1967, 1984, B60, 2468,
Marino Giovanni Battista. 11, 32, 35, 67, 73, 2562.

82, 170, 197, 215, 216, 240, 244, 262, 293, Martirani, monsignor. 2274.

294, 304, 323, 337, 343, 355, 357, 360, 362, Marziale di Caéanzaro. 65, 456.

368, 371, 372, 375, 391, 405, 412, 433, 436, Maurizio, canonico. 532.

438, 462, 466, 480-485, 487, 499, 521, 539, Maruﬃ Sulpizio. 533, 537.

540, 542, 544-547, 551, 560, 563-566, 568, Mazzarello Giovanni. 721, 738, 1809, 2036,

570-575, 577, 584, 592, 595, 596, 624, 633, 2136, 2480, 2482.

644, 645, 654, 659, 688, 702, 703, 711 bis, Mazzocchi Domenico. 1777, 1779.

725, 728, 812, 813, 822, 826-829, 831, 832, dc Medici Ferdinando. 2435.

835, 838, 842, 843, 907, 908, 913, 926, de Medici Lorcnzino. 98, 99, 114, 117, 118,

935, 938, 986, 987, 1002, 1008, 1009, 1015, 122, 125, 129, 132, 142, 144, 146 626, 627,

1017, 1022, 1023, 1121, 1122, 1178, 1185, 743, 879, 2844.

1186, 1188, 1189, 1192, 1205, 1208, 1257, Mclandro Giovanni. 889.

1260, 1264, 1266, 1268, 1271, 1277, 1296, Mclosa (Melosi) Franccsco. 1483, 2951.

1304, 1307, 1312, 1317, 1327-1329, 1333, Mcnadori Maria. 454.

1357, 1358, 1360, 1371, 1375, 1381, 1420, Minturno An'onio. 1372, 1733.

1490, 1511, 1512, 1516, 1540, 1550, 1569bis, Molina Gasparo. 653.

1570. 1579-1582, 1713, 1720, 1721, Molino Antonio. 359, 741, 970, 1027, 1045.

1728-1730, 1732, 1733, 1751, 1760, 1775, 1552, 2066, 2068, 2147, 2628.

_]9_

