Querengo, monsignore. 503, Rocca Federico. 259, 553, 1311.

Querini Cesare. 835. Rochester, lord, 2324.
Quirino V. 288, 462, 464, 515, 735, 840, Ronconi Francesco. 2421, 1448.
1032, 1034, 1647, 1670, 1740, 1878, 1891, Rondinelli Dionisio. 2256.
2189, 2311, 2334, 2480, 2947. Ronsard Pierre. 505, 1391, 1392, 1393, 1398,

1399, 1464, 1465, 1473.
Roscclli (Rosselli) Giovanni Battista. 263,

396, 2274.

Ragazzoni Bcncdcîto. 245, 2662, 2663. Rospigliosi Giulio. 1360bis, 1779, 2011, 2199.

Raggioli Giulio Cesare. 1779. Rossclli. Cfr.: Roscclli.

Ranieri Anton Francesco. 1331. Rossetti Farnccsco. 533, 1770.

Rapparini Giorgio, 2186. Rossi Giannct'o. 2315.

Rasi Francesco, 427, 454, 620, 827, 1119, Rossi Nicolò. 50, 51.
1121, 1718, 2012, 2143, 2145, 2208, BH, Rovelli. 1777.
2315, 2316, 2496, 2554. Rovito Alessandro. 1257.

Raggio Pie'ro. 2324. Ruccellai Cosmo. 762, 2637.

Remigio Fiorentino. 61, 77, 78, 288, 635, Ruccellai Palla. 1566, 1874.
645, 735, 741, 994, 1354, 1742, 1759, Rovato Giovanni Battista. 249.
2467, 2498. Ruggieri, abate. 203.

da Rena, marchese. 2583. Ruzzantc. Cfr.: Beolco Angelo.

Resta, abate. 395.

Riccieri A.P. 77, 645, 770, 1742, 2239, 2958.

Riccio Giulio Ccsarc, 42.

Ricoveri Manco. 578, Sacchetti Franco. 1653, 1670, 1747, 2213.

Rigogli Bartolomeo. 1779. Sacco, abate. 1483-

Rinaldi Ccsare. 240, 242, 244, 320, 353, 354, Sacrati Franccsco. 1770361,
431. 495. 499. 569, 595. 644, 844, Sagramoso Michele. 178, 242, 498, 1770.
919, 1309, 1553_ 1796, 1337, 1343, 1332, de Saint-Gélais Octavien. 1391, 1392, 1393,
1936, 2046, 2061, 2030, 2113, 2122, 2347, 1398. 1399. 1464. 1465. 1473. 14792450,
2564, 2693 bis, 2732, 2759, 2763, Salvani Claudio. 11852822.
1903, Sangiovanni Mario. 396.

Rinaldi Giovanni Battista. 770, 779, 1113, Sannazzaro Giacomo, 41, 47, 60, 69, 70, 78.
1312. 86, 97, 98, 99, 114, 117, 118, 12.2, 125,

Rinuccini Ottavio, 17, 69. 73, 238, 240, 242, 132, 135, 142, 144, 145, 146, 150, 161,
244, 262, 287, 304, 322, 323, 324, 338, 163, 167, 198, 201, 207, 240, 247, 252,
362, 372, 379, 390. 400, 434, 450, 452, 285, 288, 301, 323, 325, 383, 386, 414,
454, 462, 499, 544. 551, 570, 584, 585, 433, 434, 439, 459, 464, 470, 475, 480,
597, 639, 644, 793, 823, 832, 842, 992, 483, 490, 496, 508, 509, 510, 512, 513,
1018, 1117,1119,1121, 1334, 1337.1362, 515, 543, 553, 569, 578, 585, 594, 600.
1363, 1542, 1555, 1569bis, 1575, 1580, 697, 711bis, 712. 716, 719, 722, 725,
1585, 1586, 1733, 1787, 1796, 1863, 1888, 731, 740, 748, 759, 764, 781, 791, 809.
1899,1914,1932,1941,1942,1947.1954, 896, 906, 921, 971, 973, 974, 981,
2012, 2022, 2043, 2056, 2059, 2074, 2146, 1010, 1014, 1037 1057, 1121, 1123,
2148, 2157, 2161, 2179, 2180, 2181, 2182, 1124, 1125, 1128, 1132, 1136, 1138, 1143,
2217, 2226, 2280, 2283, 2284, 2287, BOO, 1146, 1147, 1150, 1152, 1181, 1191, 1210,
2359, 2368, 2372, 2443, 2450, 2453, 2454, 1228, 1235, 1260, 1299, 1316, 1336, 1369,
2545, 2551, 2551 bis, 2552, 2554, 2650, 1371, 1372, 1387, 1405, 1406, 1520, 1542,

2693, 2736, 2779, 2364, 2365, 2941. 1543, 1556, 1557, 1563, 1585, 1596, 1597,

