1608, 1613, 1622, 1637, 1670, 1676, 1680, 1055, 1323, 1544, 1555, 1629, 1660, 1670,

1711, 1734, 1744, 1758, 1759, 1762, 1784, 1761, 1900, 1941, 1956, 2066, 2071, 2315.
1799, 1808, 1950, 1956, 1962, 1964, 1965, 2485, 2488, 2531, 2649, 2781, 2839, 2865.
1972, 1974, 1993, 2013, 2039, 2043, 2131, Strozzi Lorenzo. 1487.

2135, 2142, 2146, 2148, 2188, 2189, 2190,
2221, 2231, ZBZ, 2249" 2251, 2276, 2285, .
2293, 2294, 2296, 2299 2321, 2331, 2335, Talenti Crisostomo. 258, 389, 391, 887.

2361, 236.3, 2364, 2470, 2473, 2475, 2491, Tani Giovanni. 2692.
2527, 2530, 2543, 2592, 2596, 2597, 2599, Tansillo Luigi. 26, 72, 78, 79, 196, 198,
2601, 2602, 2604, 2621, 2628, 2633, 2644, 200, 287, 326, 352, 380, 414, 475, 486,
2647, 2648, 2649, 2694, 2697, 2711, 2726, 490, 493, 513, 525, 588, 688, 697, 719,
2751, 2763 bis, 2768, 2781, 2826, 2830, 738, 754, 771, 774, 775, 819, 851, 877,
2841, 2893, 2896, 2900, 2922, 2929, 2934, 878, 921, 924, 925, 946, 980, 997, 1010,
2976, 2992, 3028. 1028, 1038, 1039, 1157, 1183, 1205, 1311,
Santa Maria Andrea. 1197. 1336, 1345, 1352, 1404 1449, 1487, 1520,
Santinclli, marchese. 263. 1528, 1544, 1585, 1597, 1616, 1660, IŒO,
Saracinclli B. 1378, 1379, 1779, 2544. 1672, 1710, 1722, 1739, 1740, 1741, 1747,
Saracinclli Ferdinando. 49, 434, 435, 438, 1804, 1842, 1956, 1992, 1994, 2037, 2072,
462. 2074, 2077, 2108, 2177, 2194, 2236, 2246,
Saracini, abate. 1378, 1779. 2272, 2274, 2285, 2293, 2346, 2358, 2388,
Sassi anfilo. 471, 2890, 2891, 2892, 3001. 2391, 2392, 2396, 2434, 2467, 2498, 2525,
Savaro di Mileto, arcidiacono. 534. 2529, 2587, 2623, 2633, 2657, 2662, 2663,
Saverio, Cfr.: Xaverio. 2672, 2683, 2738, 2747, 2758, 2889, 2890,
di Savoia Pio. 528, 1829. 2891, 2902, 2932, 2980, 2983, 2985, 2987,
Schiappalaria Stefano Ambrosio. 620. 2933, 3004, 3019.
Scrofa Camillo. 245, Taroni. Cfr.: Tarroni.
Sellaio Iacopo. 2431, Tarricra Francesco. 917,
Serrati, canonico. 1185. Tarroni Giovanni Battista. 37, 50, 51, 267,
Seta Pietro Paolo. 2741. 2741-
Sforza Giovanni. 2256, 2784. Tasso Bernardo. 26, 45, 70, 193, 201, 308,
Shadwell Thomas. 2324. 309, 311, 383, 450, 459, 473, 494, 496,
Snodelli Giovan Vincenzo. 263, 265, 267, 516" 525" 5641 599- 649- 735" 764, 768-
2701. 770, 779, 793, BB, 832, 867, 981, 988,
Sofocle. 1026 2534_ 1024, 1055, 1284, 1304, 1369, 1374, 1434,
spe..., Spagna 2272. 1435, 1443, 1543, 1572, 1597, 1739, 1762,

Spinola Ambrogio. 2213, 2893. 23005, 2848, l?? lî36' 1970' 1983' ZW'

Spira Fortunio. 5, 6 199, 505, 506 578, ' ' Z 7 ' 2 76' 2178' 2188' ZB6'

' ' 2243, 2275 2.316 2439 2458 2481 2527

656, 743, 353, 930, 963, 1435, 1443, 1479, 2636 264,' 26,2' 2664' 267," 2680, 2633ſſ

1565, 1733, 2069, 2136, 2413, 2419, 2423. 2697" 2766' 2846, ' ' ' '
Steechini M. 2732. ' ' '

Tasso Tor u t . 25, 35, 36, 39, 73 77 78,
Stella A. 39, 1352, 1900, 2344, 2430. 196 20; ";, 253 283 290 21,4 '195

Striggìo Alessandro. 1717,1936, 2181, 2182. 296 299 304 305 309 311 319 323
Strong Fl_hp1>°- 1486. 324, 326, 347, 370, 333, 401, 412, 413.
Stl-0221 Giulio. 74, 1005, 1006, 1482, 1483, 420 454, 457, 460 463 475 479 480,
2689: 431, 432, 435, 437, 492, 497, 511, 513,
Strozu Giovanni Battista. 85, 346, 539, 617, 520, 525, 527, 545, 563, 564, 565, 567,
628, 637, 687, 708, 775, 859, 867, 981, 569, 573, 575, 577, 581, 584, 585. 595.


