853, 856, 857, 858, 859, 860, 862, 874, 2490, 2491, 2495, 2497, 2498, 2524, 2525,

876, 878, 879, 880, 896, 897, 898, 899, 2526, 2527, 2534, 2562, 2563, 2581, 2583,
903, 904, 909, 919, 922, 928, 930, 946, 959, 2588, 2590, 2595, 2596, 2597, 2599, 2600,
971, 973, 974, 980, 981, 983, 993, 996, 999, 2601, 2602, 2604, 2605, 2606, 2608, 2611,
1010, 1032, 1034, 1035, 1038, 1039, 1043, 2613, 2615, 2624, 2628, 2632, 2633, 2635,
1046, 1047, 1049, 1056, 1120, 1146, 1147, 2637, 2638, 2639, 2641, 2643, 2649, 2651,
1150, 1151, 1152, 1181, 1183, 1199, 1206, 2672, 2676, 2680, 2695, 2696, 2697, 2711,
1210, 1211, 1223, 1227, 1252, 1253, 1261, 2720, 2721, 2723, 2726, 2739, 2752, 2755,
1265, 1303, 1304, 1305, 1307, 1309, 1310, 2763 bis, 2767, 2768, 2775, 2776, 2790,
1311, 1312, 1319, 1320, 1321, 1322, 1323, 2822, 2826, 2827, 2830, 2833, 2839, 2840,
1324, 1325, 1328, 1330, 1331, 1332, 1335, 2842, 2843, 2844, 2865, 2866, 2867, 2868,
1340, 1347, 1356, 1357, 1358, 1367, 1368, 2871, 2872, 2873, 2884, 2885, 2886, 2889,
1369, 1372, 1376, 1380, 1386, 1387, 1389, 2891, 2892, 2899, 2900, 2901, 2902, 2907,
1391, 1392, 1399, 1405, 1406, 1420, 1421, 2909, 2910, 2911, 2916, 2918, 2922, 2923,
1434, 1435, 1448, 1449, 1457, 1461, 1462, 2924, 2947, 2949, 2956, 2958, 2962, 2967,
1464, 1465, 1469, 1473, 1481, 1486, 1487, 2969, 2972, 2974, 2976, 2980, 2983, 2988,
1495, 1510, 1518, 1520, 1521, 1522, 1523, 2992, 2993, 3000, 3001, 3004, 3006, 3010,
1525, 1526, 1527, 1534, 1535, 1536, 1540, 3013, 3015, 3027, 3028.

1541, 1542, 1544, 1548, 1549, 1552, 1556, Petrozzi Fabio. 669.

1558, 1559, 1561, 1563, 1564, 1565, 1581, Piazzoli Ludovico, 1266, 2148,

1583, 1585, 1587, 1596, 1608, 1613, 1622, Piccoli Pranccsco. 2692.

1639, 1647, 1653, 1670, 1672, 1680, 1709, Piccolomini Giovanni Battista. 735, 901.
1710, 1711, 1718, 1722, 1727, 1734, 1737, Pinelli Agostino, 1483.

1738, 1739, 1740, 1741, 1744, 1747, 1750, Pini Vincenzo. 1766.

1758, 1759, 1761, 1779, 1783, 1784, 1792, Placidi Antonio. 1843.

1793, 1794, 1804, 1807, 1808, 1816, 1817, Pocaterra, 368, 466, 499, 511, 670, 682, 683,
1818, 1836, 1837, 1841, 1842, 1843, 1861, 773, 1294, 1381, 1660, 1670, 1796.

1875, 1890, 1896, 1932, 1941, 1955, 1970, Podio Vincenzo. 927.

1972, 1974, 1977, 1978, 1982, 1984, 1987, Podocataro Ettore. 1741.

1989, 1992, 1993, 2002, 2004, 2005, 2008, Polisano M. I. 770.

2009, 2018, 2019, 2043, 2056, 2058, 2068, Poliziano Angelo, 41, 93, 853-855, 858, 973-
2069, 2071, 2072, 2084, 2090, 2096, 2099, 978, 983, 1047, 1486, 1647, 1818-1821,
2101, 2104, 2105, 2108, 2110, 2134, 2135, 344, 2433, 2485, 2488, 2887,

2136, 2173, 2178, 2181, 2182, 2183, 2188, Pompei Alberto. 1569 bis.

2189, 2190, 2191, 2198, 2223, 2236, 22.37, Pompei Giovan Paolo. 1569 bis.

2238, 2239, 2240, 2242, 2243, 2244, 2246, Pompeo. 2543.

2249, 2250, 2251, 2252, 2253, 2254, 2255, Pontano Giovanni. 2763 bis.

2264, 2269, 2272, 2273, 2274, 2275, 2276, Ponti. 725.

2235, 2194, ZZ96, 2311, 2312, 513, 1315, Porrino Gandolfo. 770, 2480, 2695.

2315, 2320, 329, 2336, 2333, 2339, 2343, Ponti Girolamo, 528, 532.

2344, 2351, 1354, 2358, 2359, 573, 374, Prati Geronimo. 1379, 2259.

2388, 2389, 7391. 2392, 2396, 2401, 2404, Pret! Girolamo. 253, 333, 822, 1022, 1307,

_ 1717, 1779, 1896, 2198, 2295, 2505, 2706,
2406, 2407, 2407bls, 2408, 2409, 2411, 2413, 2782, 2783.

2414' 2415' 2417' 2418’ 2419' 2426’ 2428’ Primavera Giovan Leonardo. 2272, 2274.
2429, 2432, 2433, 2434, 2435, 2436, 2437, Priuli Girolamo. 239 242 1119_

2433. 2439, 2443. 2458. 2459, 2472. 2473. Providali Vincenzo. 1483. ’

2475, 2480, 2482, 2485, 2486, 2487, 2488, Prucnen Cornelio. 2893.

