600, 617, 630, 631, 632, 686, 687, 709, Torti Lodovico. 2738.

711, 719, 724, 725, 726, 729, 730, 772, Trapolini Giovan Paolo. 2893.

773, 774, 775, 797, 804, 807, 809, 811, Trissino Giovan Giorgio. 236.

815, 817, 827, 828, 829, 832, 833, 834, Troiano Giovanni. 1596, 1665, 1670, 2526,
835, 864, 867, 874, 876, 877, 878, 879, 2647, 2650.

890, 892-894, 898, 900, 904, 919, 920, Troiano Massimo. 1785,

923, 925, 927, 929, 930, 968, 985, 1008, Tronsarelli Ottavio. 1775. 1777, 1779.
1019, 1024, 1025, 1040, 1050, 1053, 1111, Turamini Alessandro. 694, 1777, 3002.

1120, 1153, 1157, 1163, 1176, 1179, 1190,
1194, 1211, 1218, 1220, 1227, 1258, 1264,

1232,1300- 1304, 1305’ 1307, 1309, 1310, Ubaldini Roberto. 1776, 1779.

1323, 1329, 1330, 1331, 1332, 1333, 1334, Ugolini Gasparo. 1763, 1766-

1335, 1335, 1337. 1342, 1345 1347‘ 1352, Urbano Vlll, papa (Antonio Barberini) 1776,
1353, 1356, 1360, 1365, 1370, 1376, 1331, 1781-

1434, 1526, 1523, 1529, 1531, 1532, 1533,
1558: 1562: 15646: 1588: 1583: 1582: ;;;: Valentini Pier Frnncesco. 329, 1716, 2056,
1597, 16,6, 1633. 1637, 1647, 165, 1656, 220.255, 2615, 2644, 2736, 2733, 2739.
1660, 1665, 1670, 1672, 1676, 1680, 1698, Vannelli Franccsco. 927.

1699, 1703, 1716, 1717, 1722, 1726, 1743, vm“? Eſ°°'°- 2345-

1749, 1751. 1752, 1755, 1760, 1761, 1762, Varchi Benedetto. 286, 632, 741, 771, 2239,
1776, 1777, 1779, 1735, 1791, 1799, 1325, ”4,0' 5601 27431 2342-

1360, 1373, 1379, 1332, 1333, 1335, 1390, VW“ 1213- 1220, 1227-

1900, 1903. 1905, 1936, 1941, 1946, 1956, Vcniero Domenico. 73, 169, 252, 310, 493,
1960, 1973, 1930, 1935, 1995, 2013, 2016, 513» 531» 75» 741, 754. 799- 346. 355:
2013. 2036, 2055, 2066, 2068, 2073. 2074, 927, 999, 1309, 1310, 1747, 1817, 2251,
2104, 2113, 2122, 2123, 2126, 2130, 2131,2190, 2294, 2433- 2457- 2470- 2719, 2346-

2224. 2230, 2235, 2239, 2245‘ 2246, 2266, Vcniero Maﬀeo. 1712, 2893.

2230, 1303, 2320, 2323, 2330, 2341, 2356, Venturi Pompilio. 2858, 2860.

2444, 2460, 2461, 2470, 2471, 2431, 2436, V°ſ°"a- 1770- .

2437, 2495, 2499-2501, 2530, 2531, 2533, VÎW Mſiſ°° 4"'°”'°- 275-

2539, 2549, 2559, 2574, 2590, 2591, 2603, V'"°" F…W'S- 1469-

2630, 2635. 2639, 2649, 2651, 2669, 2670, Virgilio. 1389, 1464, 1465, 1473, 1776, 1781,
2703, 2710, 2732, 2733, 2742, 2747, 2743, 2437- 2554-

2750, 2751, 2752, 2759, 2760, 2776, 2777, Viſ…“ L°ﬃ°- 2951-

2796, 2322, 2327, 2330, 2341, 2343, 2346, V°'Pſi"i Bfmaſdù 1197-

2862, 2893, 2903, 2906, 2920, 2.922, 2929,

2930, 2931, 2933, 2951, 2958, 2985, 2987,

2988, 2990, 2992, 3005, 3011, 3012, 3021.
Tebaldo Antonio. B89, B91.

Wasscrman, austriaco. 398.

Terminio A. 770. Zagarini Alessandro. 1378, 2615.
Terracina Laura. 1311. Zampesco Brunoro. 2275.
Tiberii Guerrino. 242. Zenobi Luigi. 2846.
Tolomei Claudio. 2391, 2392, 2415, 2884, Zizaldo Gasparo. 2276.
2336. Zoagli Giovan Michele. 647.
Torelli Gaspare. 539, 2732. Zuccarini Giovanni Battista, 458, 487, 916,
Torelli Pompeo. 2846. 1241, 1332, 1616, 1810, 2137, 2310, 2809,

Torri Florio. 534. 2822, 2830.

